Forest Slime
slime
185
1
6
7
6
1.5
60
70
0
70
1/75/15/55,1,1,0.1,0.1,1,1/15/0
2/70/125/85,4,40,0,2,10,0,0,0.5,0.5,3,0.31,1,1/125/0/3,15,1.5,100
2/100/155/90,3.75,55,0,2,10,0,0,0.8,0.8,1,0,1,1/999/0/3,18,1.5,100
0
0
0
0.6
6
0
21
1/0/100
30
3
10
3

1,4,40/0/0/180|1,1,1.15/1/1|0,13,water:0.7/nature:0.8/cold:1.25/wind:1.1/explosion:0.8/electric:1.3/void:1.1/impact:0.85
1/50/3
Fly
fly
80
1
6
7
2
3.8
45
28
30
30
1/100/11/14,1,1,0,0,1,1/999/0




1
2
2.5
0
7
1/1/100
15
1
4
2

1,3,2/20|0,13,fire:1.25/electric:1.25/wind:1.15/pierce:0.8/earth:0.7/poison:0.7/light:1.1/impact:1.2
5/25/9
Ent
ent
220
1
6
7
15
0.3
90
90
80
50
4/12/999/30,14,17,60/999/0
2/85/150/35,3,60,0,3,10,0,0,0.5,0.5,6,0.31,1,1/150/0/0/nature,slash
2/100/210/25,5.2,55,0,1,14,0.5,0.5,0,0,1,0,1,1/999/0/0/nature,pierce


0
0.25
13
30
50
1/0/100,0/26/30,0/10/5,0/52/20
60
10
23
2

3,7,4/25/2|1,8,0.1/0.1/0.1/0.6/0.6/0.6|0,13,fire:1.3/water:0.65/nature:0.9/poison:1.2/impact:0.9

Forest Dragon
dragon
600
1
8
9
28
2
100
100
100
50
1/35/25/50,1,1,0,0,1,1/30/0
3/15/220/30,3,29,1,1,0,0,75,1,1/220/0/0/impact
2/40/130/9,5,60,0,10,9,0,0,0.12,0.12,4,0.2,1,0.15/130/80/1,25,1,180/fire
2/100/250/50,5.5,90,0,4,18,0,0,0.5,0.6,1,0,1,0.8/999/0/1,35,4,180/fire

1
0.25
27
60
118
1/0/100,1/1/100,0/11/75,0/43/30
90
15
42
3

1,0,0.9/0.8/1|3,9,1/dragonRoar/300/100/120/255/200/0/50/150/40|0,13,fire:0.65/slash:0.85/impact:0.9/nature:0.9/electric:0.9/arcane:1.15/pierce:1.2/water:1.1
|dash
Poison Cap
mushroom
250
1
6
7
12
0
40
50
80
95
2/100/170/50,2,110,0,5,11,0,0,0.2,0.2,20,0.314,1,0.3/150/0/3,30,2.1,360/poison
6/100/999/180,120,2,1,0/999/0



0
1
10
15
34
1/0/100,0/10/25
60
10
21
1

7,19,0/1/15/8/25/1/0.3/30/6/360|3,17,5/130/50/130/25/-0.5/180/-2|0,13,water:0.8/electric:0.85/nature:0.9/earth:0.9/impact:0.9/slash:1.15/fire:1.2
|channel
Angery Shroom
mashroom
260
1
6
7
14
1.4
50
35
20
16
3/75/150/55,2.3,23,1,1,0,0,60,1.3,1/150/0/0/earth,impact
1/100/23/65,1.2,1.3,0,0,1.3,1/999/0/0/nature,impact



0
1
10
15
32
1/1/100,0/17/15
30
3
11
3

0,13,water:0.9/nature:0.9/earth:0.9/impact:0.9/slash:1.15/fire:1.2
|dash
Red Whiteshroom
shroom
185
1
6
7
13
1.8
45
45
35
40
2/100/125/55,4,45,0,6,11,0.65,0.65,0,0,2,0.4,0.9,0.9/999/0/0/nature,impact




0
1
8
15
24
1/0/100,1/1/100,0/17/15
30
3
10
3

0,13,water:0.9/nature:0.9/earth:0.9/pierce:1.1/fire:1.2
1/35/3
Fairy
fairy
135
1
6
7
8
2.4
50
45
35
40
4/10/999/10,13,16,50/999/0
2/100/135/25,3.6,60,0,7,9,0,0,0.7,0.7,1,0,0.9,0.9/999/0/0/arcane,nature



0
1
8
0
23
1/0/50,1/1/50,0/18/16
30
3
10
3
3
0,13,arcane:0.85/nature:0.85/fire:0.9/water:0.9/earth:0.9/impact:1.15/poison:1.2/void:1.25

Shroomgon
shroomgon
580
1
8
9
28
1.85
95
95
20
20
1/80/25/50,1,1,0,0,1,1/30/0
2/100/250/70,6.4,55,15,8,18,0.5,0.6,0.45,0.5,1,0,0.8,0.8/999/0/0/nature,earth,impact



1
0.25
29
60
150
1/0/75,1/1/75,0/20/35
90
15
45
3

0,13,nature:0.85/slash:0.9/pierce:0.9/cold:0.9/arcane:1.15

Bush
bush
215
1
6
7
12
0
40
50
55
60
2/85/120/60,3,40,0,3,11,0.6,0.6,0.7,0.7,10,0.628,0.8,0.8/120/0
4/100/999/30,17,20,60/999/0/0/nature



0
1
12
25
55
1/0/100,0/10/8
60
10
20
1

0,13,water:0.65/nature:0.9/pierce:0.9/slash:1.15/fire:1.2/burn:1.2

Zombie
zombie
185
1
6
7
5
1.7
55
10
55
50
1/50/13/60,1,1,0,0,1,1/999/0/3,10,6,300/pierce
1/100/13/60,1,1,0,0,1,1/999/0/2,25,2.4,240/slash



1
1
6
0
18
1/0/100,1/1/100,0/21/12
30
3
10
3

0,13,bleed:0.5/cold:0.75/pierce:0.75/slash:0.75/void:0.85/electric:0.9/explosion:1.2/nature:1.2/light:1.2/fire:1.2
1/20/5
Icy Bush
icbush
215
1
6
7
12
0
40
45
82
50
2/85/120/60,3,40,0,3,11,0.5,0.5,0.5,0.5,10,0.628,0.9,0.9/120/0/nature
2/85/230/60,6,60,0,9,11,0.75,0.75,0.4,0.4,5,0.628,1,1/230/0/cold,pierce
4/100/999/30,17,20,60/999/0


0
1
12
25
60
1/0/100,0/10/8,0/28/20,0/48/10
90
15
30
1

0,13,cold:0.8/water:0.85/nature:0.9/wind:0.9/pierce:0.9/slash:1.15/electric:1.15/fire:1.2

Wendigo
wendigo
255
1
6
7
5
1.2
55
10
45
84
3/55/230/25,3.8,24,1.1,1.1,0.1,0.1,65,1.4,1/230/0/2,25,4,240/cold,slash
1/100/23/55,1.1,1.2,0,0,1.4,1/999/0/2,25,4,240/cold,slash



1
1
14
10
30
1/0/100,1/1/100,0/21/6,0/48/5
30
3
13
3

0,13,bleed:0.5/cold:0.6/slash:0.75/pierce:0.8/void:0.85/nature:1.1/light:1.25/fire:1.25
|dash
Frozen Slime
iceslime
185
1
6
7
6
1.4
60
70
62
54
1/75/15/55,1,1,0.1,0.1,1,1/15/0/0/cold
2/70/125/85,4,40,0,9,10,0,0,0.4,0.4,4,0.27,1,1/125/0/0/cold
2/100/155/90,3.75,55,0,9,10,0,0,0.8,0.8,1,0,1,1/999/0/0/cold
0
0
0
0.6
6
0
25
1/0/100,0/8/40,0/28/10,0/48/8
30
3
11
3

0,13,water:0.7/cold:0.7/nature:0.8/earth:1.15/void:1.15/electric:1.3

Chest
forestchest
340
1
0
0
20
0
5
5
0
0
0/100/999/0/999/0




0
1
0
97
350
1/1/80,1/0/100
30
1
0
1



Rabid Furry
furry
130
1
6
7
6
2.5
45
35
35
50
3/100/150/50,4,12,1,1.1,0,0,60,1,1/150/0/2,35,4,240/pierce,slash
5/100/999/0,0,0,0,0,0,0,0,0,0,0,0,0,0,180,120,3,0.8,140,0,0.8/999/0



1
1
10
0
30
1/1/100
30
3
12
3

0,13,nature:0.9/arcane:0.9/impact:0.9/cold:1.1/electric:1.2/poison:1.35/bleed:1.35
|dash
Naga
naga
165
1
6
7
5
1.75
60
60
125
74
1/100/23/55,1,1,0,0,1,1/80/0/0/pierce
3/30/230/1,1.4,23,0.8,0.8,0.2,0.2,100,0.9,0.3/999/0/0/pierce



1
1
8
0
24
1/0/100,1/1/100
30
3
11
3

0,13,water:0.75/fire:0.8/slash:0.9/impact:0.9/nature:1.1/poison:1.1/arcane:1.1/burn:1.15
1/35/3|dash
Dragonfly
dragonfly
130
1
6
7
7
3
45
40
50
50
1/100/11/40,0.95,0.95,0,0,1,1/70/0
5/100/999/35,3,90,0,10,9,0,0,0.8,0.8,1,0,1,1,200,50,1,0,70,1,1/999/0/1,30,1.8,180/fire



1
2
7
0
24
1/1/100,0/43/8
30
3
10
3

0,13,fire:0.85/slash:0.85/earth:0.85/nature:0.9/impact:1.15/arcane:1.15/pierce:1.2

Totem
totem
400
1
9
11
10
0
50
70
103
96
3/10/70/30,-8,-99,0.1,0.1,0.2,0.2,30,1,1/70/0
2/60/80/60,4,25,0,1,10,0.7,0.7,0,0,10,0.628,0.7,0.7/80/0/nature,pierce
2/70/210/50,2,150,0,7,8,0,0,0.6,0.6,8,0.3,0.7,0.7/210/0/arcane
2/90/999/30,4,150,0,4,12,0,0,1,1,1,0,1,1/999/0/1,35,3,180/fire
6/100/999/150,60,2,1,0/999/0
0
1
50
25
175
1/0/20,0/26/12,1/1/8,0/52/10
200
70
75
1
25
7,18,200/225/130/255/180/210/160/3/150/-4.5|3,17,5/180/0/160/25/-0.5/180/-2|3,5,420/900/0|1,6,0.2/0.2/0.3|6,10,35/255/100/255/60/120/120|0,13,arcane:0.85/nature:0.9/impact:0.9/water:1.1/fire:1.1/burn:1.25
|channel
Enchest
enchest
550
1
0
0
20
0
5
5
0
0
0/100/999/0/999/0




0
1
0
98
40
0/51/7
150
15
0
1
50


Shadorachnid
shadorachnid
1000
1
9
11
8
2.3
80
90
15
140
2/85/90/20,3,60,0,2,10,0,0,0.2,0.2,2,0.18,1,0.2/90/70/3,10,4.5,360/impact,void
3/100/150/60,4,15,0.9,1,0.4,0.5,60,1,0.6/150/0/0/impact,pierce,void
5/100/999/0,0,0,0,0,0,0,0,0,0,0,0,0,0,180,240,3,0.8,140,0,0.2/999/0


1
1
30
0
350
1/1/30,0/30/40
800
600
50
3
20
0,13,void:0.75/explosion:0.85/poison:0.85/cold:0.9/arcane:0.9/impact:0.9/nature:1.1/slash:1.1/pierce:1.1/light:1.25
|dash
Bat
bat
110
1
6
7
3
3.4
55
70
20
40
1/100/11/25,0.9,0.9,0,0,1,1/999/0/0/pierce




1
2
4
5
14
1/1/100
23
2
6
3

0,13,earth:0.75/slash:1.1/poison:1.1/cold:1.15/light:1.15/electric:1.15/wind:1.2
2/50/4
Rat
rat
115
1
6
7
5
2.5
45
35
30
55
3/100/150/40,4,12,0.9,1,0,0,60,1,1/150/0/2,50,2.5,240/pierce
5/100/999/0,0,0,0,0,0,0,0,0,0,0,0,0,0,150,60,3,0.8,140,0,1.1/999/0



1
1
9
10
24
1/1/100
30
3
11
3

0,13,nature:0.9/void:0.9/arcane:0.9/cold:1.1/electric:1.2/bleed:1.35
1/60/3|dash
Golem
golem
375
1
6
7
18
0.8
90
90
100
20
1/30/11/80,1.2,1.2,0,0,1,1/30/0/0/earth,impact
2/100/150/55,5.2,45,7,11,12,1,1,0,0,1,0,1,1/999/0/0/earth,impact



1
1
30
70
130
1/0/100,0/15/15
90
15
45
5

3,11,300/25/100/70/50/175/225/180|1,12,0.65/0.85/1/80/700+300/80/100/70/50|0,13,fire:0.6/poison:0.6/wind:0.75/electric:0.75/slash:0.8/pierce:0.8/impact:1.1/cold:1.2/explosion:1.2/nature:1.25/water:1.3

Crystals
crystals
200
1
6
7
8
2.2
50
45
35
40
4/7/999/30,24,30,50/999/0
2/90/145/40,6.5,35,0,12,13,0,0,0.9,0.9,1,0,1,1/145/0
2/100/185/12,4.2,70,0,7,9,0,0,0.5,0.5,1,0,0.8,0.8/999/0/0/arcane


1
1
15
0
45
1/0/50,1/1/50,0/12/11
60
9
22
3
5
3,5,180/300/0|1,6,0.6/0.6/0.8|6,10,35/255/150/255/25/100/90|0,13,light:0.6/fire:0.9/water:0.9/slash:0.9/pierce:0.9/impact:1.4

Nature Crystals
nature crystals
200
1
6
7
8
2.4
50
45
0
50
4/25/999/5,4,5,2/999/0
2/50/165/20,6,40,0,13,13,0,0,0.5,0.5,1,0,1,1/145/70
2/33/240/60,2,180,0,14,14,0,0,0.7,0.8,4,0.15,1,1/999/0/0/nature
2/50/240/100,2,180,0,14,14,0,0,0.7,0.8,6,0.3,1,1/999/0/nature
2/100/240/100,2,180,0,14,14,0,0,0.7,0.8,6,0.15,1,1/999/0/nature
1
1
18
20
60
1/0/50,1/1/50,0/12/5
80
12
26
3
6
1,0,1/0.5/1|0,13,light:0.7/nature:0.8/water:0.9/slash:0.9/pierce:0.9/fire:1.1/impact:1.4

Sludge
sludge
180
1
6
7
6
1.5
60
70
0
60
1/75/15/55,1,1,0.1,0.1,1,1/15/0
2/30/155/50,3,75,0,15,12,0,0,0.5,0.5,2,0.3,1,1/155/70/3,25,1.5,300
2/100/155/90,4,50,0,15,12,0,0,0.8,0.8,1,0,1,1/999/0/3,25,2.25,300
0
0
0
0.6
8
5
27
1/0/100
30
3
10
7

1,4,30/20/0/360|1,2,0.88/0.92/1|0,13,explosion:0.8/impact:0.85/pierce:0.9/void:0.9/nature:1.1/electric:1.1/water:1.2/cold:1.25

Pile of Dirt
dirt
100
1
6
7
6
1.3
55
50
0
0
1/100/6/20,1,1,0,0,0,1/50
2/100/100/50,4,40,0,15,12,0,0,1,1,1,0,1,1/100/0
6/100/999/60,5,1,1,0/999


1
1
40
-100
110
1/0/100,1/1/100
60
10
25
2
5
1,0,0.1/0.1/0.1|7,20,4/2/12/12/10/1/1|3,17,7/110/100/0/20/-0.5/180/-2|0,13,earth:0.65/water:1.4
|channel
Skeleton
skeleton
125
1
6
7
5
2.1
60
50
110
0
3/50/100/50,2,12,1,1,0,0,40,1,1/999/0/0/pierce
2/100/110/25,3,50,0,16,9,0.9,0.9,0,0,1,0,0.7,1/999/0/2,12,3,240/pierce



1
1
9
20
28
1/0/100,1/1/100
30
3
11
3
1
0,13,bleed:0.1/cold:0.75/pierce:0.7/slash:0.75/electric:0.8/void:0.85/fire:1.1/explosion:1.3/nature:1.3/light:1.3/impact:1.3|1,4,35/0/0/240|1,0,1/0.7/1|4,14,4/1.5/8/5/25/0.6/0.4

Ghost
ghost
160
1
6
7
6
2.3
0
100
15
140
3/100/150/70,3,12,0.9,0.9,0.9,0.9,60,1,0.6/150/0/0/wind,void
5/100/999/0,0,0,0,0,0,0,0,0,0,0,0,0,0,180,240,3,0.8,140,0,0.2/999/0



1
1
10
40
40
1/1/100,0/57/20
50
8
14
3
3
0,13,cold:0.8/void:0.9/wind:1.1/nature:1.1/light:1.3|1,4,40/0/0/60|1,0,0.6/1/1|3,15,60/240/300/25/110/125/120/10/-0.6/150/3/45|3,16,3/40

